 -5.277778E+0001 -2.500000E+0001  5.000000E+0001 1
  5.500000E+0001 -2.388889E+0001  5.000000E+0001 2
 -4.662791E+0001 -3.000000E+0001  4.686047E+0001 3
  4.781250E+0001 -2.979167E+0001  4.677083E+0001 4
 -3.729167E+0001 -2.743056E+0001  5.347222E+0001 5
  3.964912E+0001 -2.728070E+0001  5.219298E+0001 6
 -3.702898E+0001 -2.181159E+0001  5.079710E+0001 7
  3.733766E+0001 -2.266234E+0001  5.233766E+0001 8
 -1.687500E+0001 -4.437500E+0001  6.012500E+0001 9
  1.330000E+0001 -4.290000E+0001  5.940000E+0001 10
 -2.724335E+0001 -2.946768E+0000  5.332700E+0001 11
  2.666667E+0001 -3.487972E+0000  5.364261E+0001 12
 -1.720430E+0001 -6.309140E+0001  5.043011E+0001 13
  1.549107E+0001 -6.263393E+0001  4.948661E+0001 14
 -2.155405E+0001  2.783784E+0001  4.871622E+0001 15
  2.000000E+0001  2.855000E+0001  4.895000E+0001 16
 -2.943548E+0001  3.000000E+0001  3.334678E+0001 17
  2.779310E+0001  3.151724E+0001  3.348276E+0001 18
 -2.165441E+0001  5.393382E+0001  8.676471E+0000 19
  2.216912E+0001  5.441177E+0001  8.602942E+0000 20
 -1.773913E+0001  4.252174E+0001 -1.704348E+0001 21
  1.887097E+0001  4.306452E+0001 -1.717742E+0001 22
 -3.892000E+0001 -7.800000E+0000  8.520000E+0000 23
  4.008130E+0001 -7.479675E+0000  9.308943E+0000 24
 -1.180556E+0001 -9.000000E+0001 -8.333333E-0001 25
  1.157895E+0001 -8.973684E+0001  3.947369E-0001 26
 -1.703448E+0001 -8.493104E+0001  1.103448E+0000 27
  1.408571E+0001 -8.525714E+0001  2.171429E+0000 28
 -2.830645E+0001 -7.626344E+0001  9.489247E+0000 29
  2.866477E+0001 -7.605114E+0001  8.920455E+0000 30
 -4.651376E+0001 -2.188073E+0001 -2.912844E+0001 31
  4.688073E+0001 -2.215596E+0001 -2.866973E+0001 32
 -5.704762E+0001 -1.780952E+0001 -1.504762E+0001 33
  5.780488E+0001 -1.707317E+0001 -1.487805E+0001 34
 -5.613636E+0001 -2.517045E+0001  4.715909E+0000 35
  5.618280E+0001 -2.188172E+0001  3.440860E+0000 36
 -6.000000E+0000 -3.966667E+0001  2.433333E+0001 37
  3.513514E+0000 -4.256757E+0001  2.405405E+0001 38
 -8.804348E+0000 -6.195652E+0000  4.195652E+0001 39
  7.608696E+0000 -6.521739E+0000  4.137681E+0001 40
 -7.500000E+0000  1.750000E+0001 -1.656250E+0001 41
  5.172414E+0000  1.448276E+0001 -1.413793E+0001 42
 -1.857143E+0001 -3.285714E+0001 -4.285714E+0000 43
  1.833333E+0001 -3.333333E+0001 -4.444445E+0000 44
 -2.047619E+0001 -9.047619E+0000 -2.357143E+0001 45
  2.050000E+0001 -8.500000E+0000 -2.350000E+0001 46
 -7.000000E+0000 -5.000000E+0001  7.000000E+0000 47
  6.250000E+0000 -5.000000E+0001  7.500000E+0000 48
 -1.283784E+0001 -5.756757E+0001  5.270270E+0000 49
  1.238095E+0001 -5.750000E+0001  6.547619E+0000 50
 -1.143750E+0001 -5.006250E+0001  3.187500E+0001 51
  8.728070E+0000 -4.785088E+0001  3.276316E+0001 52
 -8.974359E+0000  3.782051E+0001  1.474359E+0001 53
  7.837838E+0000  3.432433E+0001  2.189189E+0001 54
 -5.000000E+0000  1.500000E+0001  2.250000E+0001 55
  2.500000E+0000  1.750000E+0001  2.250000E+0001 56
 -1.823529E+0001  8.823529E-0001 -1.941176E+0001 57
  1.843750E+0001  6.250000E-0001 -1.906250E+0001 58
 -2.230769E+0001 -2.461539E+0001 -2.038461E+0001 59
  2.285714E+0001 -2.500000E+0001 -2.071428E+0001 60
 -3.050000E+0001 -2.766667E+0001 -2.366667E+0001 61
  2.965517E+0001 -2.620690E+0001 -2.379310E+0001 62
 -4.609375E+0001 -5.411458E+0001 -1.369792E+0001 63
  4.625000E+0001 -5.403409E+0001 -1.414773E+0001 64
 -3.875000E+0001  1.282895E+0001 -2.710526E+0001 65
  3.929412E+0001  1.288235E+0001 -2.782353E+0001 66
 -4.577922E+0001 -6.636364E+0001  2.389610E+0001 67
  4.641667E+0001 -6.541666E+0001  2.366667E+0001 68
 -4.933862E+0001 -4.283069E+0001  4.023809E+0001 69
  5.011111E+0001 -4.300000E+0001  4.058333E+0001 70
 -4.611111E+0001 -2.907407E+0001  9.814815E+0000 71
  4.660714E+0001 -2.857143E+0001  1.000000E+0001 72
 -6.157895E+0001 -2.342105E+0001  1.236842E+0001 73
  6.275000E+0001 -2.425000E+0001  1.175000E+0001 74
 -5.750000E+0001 -1.178571E+0001  1.607143E+0001 75
  5.791667E+0001 -1.041667E+0001  1.541667E+0001 76
 -5.196429E+0001  8.750000E+0000  1.375000E+0001 77
  5.303571E+0001  8.928572E+0000  1.392857E+0001 78
 -5.051724E+0001  2.103448E+0001  1.258621E+0001 79
  5.241379E+0001  2.086207E+0001  1.275862E+0001 80
 -4.475000E+0001  3.575000E+0001  1.825000E+0001 81
  4.653846E+0001  3.576923E+0001  1.788461E+0001 82
 -3.392523E+0001  2.542056E+0001 -1.275701E+0001 83
  3.440909E+0001  2.477273E+0001 -1.277273E+0001 84
 -6.250000E+0000  3.125000E+0001 -7.500000E+0000 85
 -9.347826E+0000  1.217391E+0001  4.239130E+0001 86
  7.083333E+0000  3.895833E+0001 -3.541667E+0000 87
  7.500000E+0000  1.291667E+0001  4.208333E+0001 88
